Run semi-empirical minimization
 &qmmm
    qm_theory='AM1', grms_tol=0.0005,
 scfconv=1.d-10, ndiis_attempts=700,   qmcharge=0,
 /
   7     N       16.7160       -9.1630      -18.9850 
   6     C       15.9200      -10.4140      -18.9220 
   8     O       22.2950       -1.7970      -20.9780 
   6   C01       17.5880       -6.1390      -15.0020 
   6    C1       15.3490      -10.8920      -20.2210 
   7    N1       15.8050       -8.6950      -21.1770 
   8    O1       18.6410      -10.9050      -17.5550 
   6    C2       15.2300       -9.9910      -21.2640 
   7    N2       17.0400       -7.0320      -20.0510 
   8    O2       12.6290      -11.2440      -18.6410 
   6    C3       14.4640      -10.4390      -22.3530 
   7    N3       18.1880       -4.3540      -19.8780 
   8    O3       13.1100       -9.0760      -18.9760 
   6    C4       13.8520      -11.7150      -22.3750 
   6    C5       14.0370      -12.6160      -21.3360 
   6    C6       14.8190      -12.2130      -20.2700 
   6    C7       16.4870       -8.3160      -20.1100 
   6    C8       16.3850       -5.9110      -20.7870 
   6    C9       16.7390       -4.5240      -20.1570 
   6   C10       18.8510       -5.5240      -19.2630 
   6   C11       18.5100       -6.8190      -20.0690 
   6   C12       18.8810       -3.2090      -20.2500 
   6   C13       20.2900       -3.1590      -20.3930 
   6   C14       20.9500       -1.9840      -20.8000 
   6   C15       20.2060       -0.8370      -21.0770 
   6   C16       18.8290       -0.8540      -20.9360 
   6   C17       18.1860       -2.0200      -20.5280 
   6   C18       23.1170       -2.9420      -21.1300 
   6   C19       17.3580       -8.8750      -17.7190 
   6   C20       18.0240       -9.8510      -16.9410 
   6   C21       17.9300       -9.8150      -15.5490 
   6   C22       17.5720       -8.6450      -14.9160 
   6   C23       17.4650       -7.4980      -15.6890 
   6   C24       17.3190       -7.6350      -17.0840 
   6   C25       18.6820      -12.1470      -16.8590 
   6   C27       14.7690      -10.4150      -17.8860 
   6   C28       13.3980      -10.2950      -18.5050 
   9     F       14.2560       -9.6450      -23.4120 
   9   F01       18.7920       -5.5780      -15.1890 
   9   F02       16.6800       -5.2860      -15.5020 
   9   F03       17.3640       -6.1930      -13.6800 
   1   H01       15.0320      -12.9110      -19.4610 
   1   H02       13.2250      -11.9940      -23.2220 
   1   H03       13.5820      -13.6060      -21.3600 
   1   H04       17.1700       -6.7400      -17.6880 
   1   H08       17.1010       -2.0100      -20.4200 
   1   H10       18.2480        0.0450      -21.1440 
   1   H14       16.4600       -3.7610      -20.8840 
   1   H15       16.1920       -4.4200      -19.2200 
   1   H26       14.9100       -9.5400      -17.2510 
   1   H27       14.8130      -11.3470      -17.3220 
   1   H28       12.9620       -9.1250      -19.9230 
   1   H05       18.1390      -10.7110      -14.9640 
   1   H06       17.3790       -8.6210      -13.8430 
   1   H07       20.8770       -4.0530      -20.1830 
   1   H09       20.7090        0.0730      -21.4050 
   1   H11       16.6990      -11.1070      -18.6030 
   1   H12       15.3050       -6.0480      -20.7250 
   1   H13       16.7190       -5.9250      -21.8240 
   1   H16       18.4960       -5.6380      -18.2390 
   1   H17       19.9300       -5.3700      -19.2660 
   1   H18       18.8520       -6.7100      -21.0980 
   1   H19       19.0090       -7.6750      -19.6140 
   1   H20       24.0580       -2.7850      -20.6030 
   1   H21       22.6090       -3.8120      -20.7140 
   1   H22       23.3170       -3.1080      -22.1880 
   1   H23       19.0590      -11.9850      -15.8490 
   1   H24       17.6780      -12.5690      -16.8080 
   1   H25       19.3410      -12.8380      -17.3850 

